1234
0;0;0;0;0;0;0;1113;0;0;0
0;0;0;0;0;0;0;0;0;0;0
0;0;0;0;0;0;0;0;0;0;0
0;0;0;0;0;0;0;0;0;0;0
0;0;0;0;0;0;0;0;0;0;0
0;0;0;0;0;0;0;0;0;0;0
0;0;0;0;0;0;0;0;0;0;0
4321
0;0;0;0;0;0;0;0;0;0;0
0;0;0;0;0;0;0;0;0;0;0
0;0;0;0;0;0;0;0;0;0;0
0;0;0;0;0;0;0;0;0;0;0
0;0;0;0;0;0;0;0;0;0;0
0;0;0;0;0;0;0;0;0;0;0
0;0;0;0;0;0;0;0;0;0;0
0987
0;0;0;0;0;0;0;0;0;0;0
0;0;0;0;0;0;0;0;0;0;0
0;0;0;0;0;0;0;0;0;0;0
0;0;0;0;0;0;0;0;0;0;0
0;0;0;0;0;0;0;0;0;0;0
0;0;0;0;0;0;0;0;0;0;0
0;0;0;0;0;0;0;0;0;0;0
6543
0;0;0;0;0;0;0;0;0;0;0
0;0;0;0;0;0;0;0;0;0;0
0;0;0;0;0;0;0;0;0;0;0
0;0;0;0;0;0;0;0;0;0;0
0;0;0;0;0;0;0;0;0;0;0
0;0;0;0;0;0;0;0;0;0;0
0;0;0;0;0;0;0;0;0;0;0
8765
0;0;0;0;0;0;0;0;0;0;0
0;0;0;0;0;0;0;0;0;0;0
0;0;0;0;0;0;0;0;0;0;0
0;0;0;0;0;0;0;0;0;0;0
0;0;0;0;0;0;0;0;0;0;0
0;0;0;0;0;0;0;0;0;0;0
0;0;0;0;0;0;0;0;0;0;0
